# Benchmark GPU-STREAM running on  Tesla C2070
# Precision: double. Range: [204800 .. 102400000] step 409600
# For more details see https://github.com/UoB-HPC/GPU-STREAM
#  ArrayElements    ArraySize(MB)      Copy(MBytes/s)    Mul(MBytes/s)      Add(MBytes/s)      Triad(MBytes/s)
    204800            1.56             80614.052          80892.663          84080.879          83482.514          
    614400            4.68             94974.204          95231.821          95318.005          95188.788          
    1024000            7.81             98815.469          98773.768          97339.560          97772.120          
    1433600            10.93             100251.310          100434.796          98823.246          99002.106          
    1843200            14.06             101139.618          100946.096          99730.141          99745.882          
    2252800            17.18             101753.346          101234.367          100043.854          100121.478          
    2662400            20.31             101065.019          101807.266          100207.165          100031.936          
    3072000            23.43             102291.103          102380.377          100652.697          100413.350          
    3481600            26.56             102348.073          102387.390          100936.300          100656.036          
    3891200            29.68             101924.575          101959.628          100825.704          100726.961          
    4300800            32.81             101973.593          102953.836          100517.099          100544.417          
    4710400            35.93             102440.085          103036.700          100762.877          100681.394          
    5120000            39.06             103315.374          102225.833          101447.660          101395.090          
    5529600            42.18             101675.445          101374.289          101266.225          101179.985          
    5939200            45.31             102928.284          103240.722          101060.369          100905.411          
    6348800            48.43             103570.704          102181.011          101007.682          100984.319          
    6758400            51.56             103384.008          102216.861          101318.312          101305.023          
    7168000            54.68             102606.496          103440.221          101490.332          101431.809          
    7577600            57.81             102319.199          103874.420          101268.766          101193.991          
    7987200            60.93             101960.540          101909.398          101037.185          100974.012          
    8396800            64.06             103570.696          103209.471          101535.197          101388.995          
    8806400            67.18             103981.793          102842.162          101621.297          101508.798          
    9216000            70.31             102719.143          102004.449          101481.498          101497.751          
    9625600            73.43             103990.768          103609.629          101347.753          101186.524          
    10035200            76.56             102600.031          103668.819          101499.323          101496.329          
    10444800            79.68             102229.930          102273.662          101725.817          101676.799          
    10854400            82.81             102558.373          103411.371          101566.943          101555.857          
    11264000            85.93             103123.682          103206.181          101181.491          101173.539          
    11673600            89.06             102119.228          104200.254          101542.824          101545.400          
    12083200            92.18             102981.178          104065.209          101684.902          101687.434          
    12492800            95.31             103082.074          102811.721          101661.324          101769.778          
    12902400            98.43             102464.905          102835.623          101311.770          101281.681          
    13312000            101.56             102740.278          104047.807          101521.546          101433.746          
    13721600            104.68             102450.030          103010.713          101809.656          101759.101          
    14131200            107.81             102223.285          102508.172          101755.273          101791.525          
    14540800            110.93             102825.831          103812.805          101351.217          101295.763          
    14950400            114.06             102528.951          102719.592          101386.769          101294.805          
    15360000            117.18             102505.709          102568.426          101817.575          101764.565          
    15769600            120.31             103139.009          102971.483          101847.033          101759.050          
    16179200            123.43             102692.642          102701.157          101614.364          101556.827          
    16588800            126.56             102120.705          102520.200          101325.682          101367.088          
    16998400            129.68             103661.699          103022.713          101666.212          101745.905          
    17408000            132.81             102942.454          102717.063          101857.434          101822.755          
    17817600            135.93             102581.618          102728.813          101554.780          101568.264          
    18227200            139.06             104120.808          102998.462          101283.792          101188.884          
    18636800            142.18             102931.518          102824.894          101740.249          101711.168          
    19046400            145.31             102729.452          102420.787          101826.451          101769.435          
    19456000            148.43             103626.094          103582.751          101718.442          101766.437          
    19865600            151.56             102613.260          103514.178          101299.930          101292.419          
    20275200            154.68             102675.519          102557.624          101603.444          101641.984          
    20684800            157.81             102884.851          103493.794          101841.197          101854.340          
    21094400            160.93             102867.429          102946.340          101761.255          101765.530          
    21504000            164.06             102454.948          102503.968          101356.710          101405.382          
    21913600            167.18             102754.569          103117.577          101469.625          101464.163          
    22323200            170.31             102575.655          102936.966          101907.932          101897.097          
    22732800            173.43             102621.711          102660.148          101904.173          101841.725          
    23142400            176.56             103512.068          103159.604          101546.626          101532.370          
    23552000            179.68             103881.783          102881.502          101518.700          101526.358          
    23961600            182.81             102606.638          102771.834          101882.316          101824.355          
    24371200            185.93             103048.845          103319.648          101936.308          102045.592          
    24780800            189.06             102480.725          103111.716          101635.529          101591.865          
    25190400            192.18             102403.668          102602.154          101397.276          101410.339          
    25600000            195.31             103102.774          103788.824          101835.239          101858.824          
    26009600            198.43             102566.999          103063.726          102030.724          101988.832          
    26419200            201.56             102646.770          102751.341          101794.494          101739.760          
    26828800            204.68             103070.524          103372.122          101305.377          101225.284          
    27238400            207.81             102588.255          102807.971          101838.167          101825.985          
    27648000            210.93             102393.672          102911.053          101872.167          101890.735          
    28057600            214.06             103524.005          102980.014          101736.347          101779.310          
    28467200            217.18             102745.055          103264.047          101417.292          101447.787          
    28876800            220.31             102401.975          102560.728          101715.509          101711.330          
    29286400            223.43             103098.030          103294.869          101982.235          101982.235          
    29696000            226.56             102953.174          102463.178          101865.339          101910.099          
    30105600            229.68             102601.561          102376.169          101351.139          101373.991          
    30515200            232.81             102971.179          103425.141          101563.929          101592.459          
    30924800            235.93             102629.983          102853.496          101874.380          101858.749          
    31334400            239.06             102608.423          102593.767          101891.376          101939.606          
    31744000            242.18             103046.785          103349.944          101506.795          101511.529          
    32153600            245.31             102804.630          102839.052          101560.575          101574.572          
    32563200            248.43             102451.286          102600.664          102005.810          101946.331          
    32972800            251.56             103146.430          103053.566          101957.932          101890.088          
    33382400            254.68             103297.916          102869.956          101688.144          101677.329          
    33792000            257.81             102632.887          102567.624          101498.966          101480.334          
    34201600            260.93             102862.322          103626.885          101805.575          101796.750          
    34611200            264.06             102994.925          102713.401          101958.794          101919.476          
    35020800            267.18             102610.359          102651.056          101723.923          101749.734          
    35430400            270.31             103111.537          103240.056          101416.913          101449.025          
    35840000            273.43             102979.665          103013.260          101860.515          101859.683          
    36249600            276.56             102574.144          102769.637          102029.734          102030.560          
    36659200            279.68             103035.771          103928.298          101840.458          101827.281          
    37068800            282.81             102790.932          103476.065          101437.453          101443.919          
    37478400            285.93             102660.508          102643.322          101732.795          101682.998          
    37888000            289.06             102989.441          103620.162          101941.139          101958.696          
    38297600            292.18             102853.145          103171.233          101886.459          101894.354          
    38707200            295.31             102609.545          102586.991          101564.733          101544.583          
    39116800            298.43             103007.597          103206.895          101626.044          101592.260          
    39526400            301.56             102639.764          102890.496          102007.660          101973.207          
    39936000            304.68             102477.909          102804.943          101927.225          101887.872          
    40345600            307.81             103080.966          103450.174          101523.363          101545.668          
    40755200            310.93             102561.573          102998.289          101505.262          101480.987          
    41164800            314.06             102615.042          102682.088          101947.597          101929.232          
    41574400            317.18             103239.536          103385.215          101932.058          101921.146          
    41984000            320.31             102989.584          102901.441          101730.697          101746.475          
    42393600            323.43             102675.056          102852.292          101569.392          101547.445          
    42803200            326.56             103269.670          103107.880          101883.726          101866.794          
    43212800            329.68             102626.928          103286.533          102010.762          102001.652          
    43622400            332.81             102633.606          103064.415          101844.269          101877.499          
    44032000            335.93             103010.171          103098.598          101378.241          101376.889          
    44441600            339.06             102834.262          103058.064          101854.517          101758.820          
    44851200            342.18             102237.191          102685.727          101940.666          102047.997          
    45260800            345.31             102959.830          102796.520          101663.971          101679.245          
    45670400            348.43             102616.867          102784.217          101325.593          101342.606          
    46080000            351.56             102640.235          102698.138          101844.420          101824.109          
    46489600            354.68             103073.540          103303.493          101959.486          101948.427          
    46899200            357.81             102870.625          103116.454          101914.663          101940.452          
    47308800            360.93             102351.995          102487.500          101411.838          101359.357          
    47718400            364.06             102787.756          102996.929          101504.070          101541.167          
    48128000            367.18             102927.751          102593.495          101988.979          101947.482          
    48537600            370.31             102518.415          102556.241          102032.706          102008.367          
    48947200            373.43             102980.044          103437.923          101640.865          101565.985          
    49356800            376.56             102825.716          103013.069          101623.696          101607.866          
    49766400            379.68             102434.514          102606.903          101972.753          101960.592          
    50176000            382.81             103317.510          103452.337          102010.340          101974.741          
    50585600            385.93             102793.500          102920.396          101598.217          101638.611          
    50995200            389.06             102598.372          102570.449          101559.584          101516.639          
    51404800            392.18             102913.607          103419.738          101862.895          101843.521          
    51814400            395.31             102595.878          102925.919          101982.379          101951.427          
    52224000            398.43             102527.821          102747.945          101836.637          101829.704          
    52633600            401.56             103330.198          103390.431          101398.818          101406.779          
    53043200            404.68             102661.596          103182.007          101846.464          101848.745          
    53452800            407.81             102565.306          102812.456          102009.371          102022.400          
    53862400            410.93             102855.038          103219.835          101810.621          101753.538          
    54272000            414.06             102771.115          102829.763          101501.710          101459.743          
    54681600            417.18             102502.058          102565.841          101802.893          101796.276          
    55091200            420.31             103378.141          103171.944          102012.232          101979.257          
    55500800            423.43             102674.137          102952.646          101945.033          101907.447          
    55910400            426.56             102474.451          102582.796          101561.159          101571.899          
    56320000            429.68             103572.380          103195.461          101693.446          101672.610          
    56729600            432.81             102883.625          102849.433          102045.366          102039.485          
    57139200            435.93             102600.616          102944.355          101909.409          101909.409          
    57548800            439.06             103171.133          103456.122          101568.229          101603.197          
    57958400            442.18             102738.870          102974.719          101558.286          101546.372          
    58368000            445.31             102610.622          102739.920          101957.313          101937.622          
    58777600            448.43             103192.913          103136.792          102051.325          102054.935          
    59187200            451.56             102929.942          103102.913          101762.444          101733.430          
    59596800            454.68             102632.543          102590.915          101501.766          101446.959          
    60006400            457.81             103246.343          103345.697          101910.462          101891.830          
    60416000            460.93             102957.454          103067.856          101960.081          101955.572          
    60825600            464.06             102431.751          102667.969          101834.140          101816.775          
    61235200            467.18             103085.907          103261.959          101504.116          101481.119          
    61644800            470.31             102658.960          102993.636          101901.916          101895.045          
    62054400            473.43             102790.394          102923.598          102105.996          102032.713          
    62464000            476.56             103320.954          103548.240          101921.997          101899.745          
    62873600            479.68             102700.795          102993.070          101410.586          101482.989          
    63283200            482.81             102532.043          102667.831          101778.876          101764.589          
    63692800            485.93             103089.244          103243.867          102023.168          102013.656          
    64102400            489.06             102920.335          102964.361          101963.013          101985.670          
    64512000            492.18             102986.841          102660.624          101563.811          101508.464          
    64921600            495.31             103170.545          103114.032          101739.283          101698.470          
    65331200            498.43             102726.909          102862.458          101995.568          102010.864          
    65740800            501.56             102564.211          102798.735          102013.068          102037.485          
    66150400            504.68             103192.695          103336.255          101578.065          101613.485          
    66560000            507.81             102648.300          102868.517          101608.599          101590.545          
    66969600            510.93             102581.125          102649.767          101944.038          101936.364          
    67379200            514.06             103594.356          103632.606          102015.317          101980.718          
    67788800            517.18             102945.264          102781.062          101710.522          101644.391          
    68198400            520.31             102407.131          102921.863          101516.154          101501.209          
    68608000            523.43             103170.962          103382.695          101948.333          101964.204          
    69017600            526.56             102767.625          102984.492          102037.205          102032.378          
    69427200            529.68             102744.442          102549.675          101794.892          101796.192          
    69836800            532.81             103023.827          103566.701          101490.406          101445.361          
    70246400            535.93             102640.620          103250.424          101837.586          101833.293          
    70656000            539.06             102729.348          102676.566          101998.504          102019.926          
    71065600            542.18             103381.312          103266.550          101866.583          101879.330          
    71475200            545.31             102682.211          103221.418          101553.941          101551.428          
    71884800            548.43             102518.473          102802.625          101862.579          101857.113          
    72294400            551.56             103442.641          103202.846          102039.891          102022.288          
    72704000            554.68             102920.482          102806.139          101932.635          101937.631          
    73113600            557.81             102675.518          102664.822          101541.208          101492.807          
    73523200            560.93             102902.537          103301.396          101638.496          101618.460          
    73932800            564.06             102672.912          103119.228          102039.699          102067.168          
    74342400            567.18             102612.230          102685.860          101990.160          101938.474          
    74752000            570.31             103150.864          103085.048          101614.972          101645.128          
    75161600            573.43             102628.704          102873.961          101531.947          101508.008          
    75571200            576.56             102520.719          102558.371          101962.606          101848.636          
    75980800            579.68             102841.312          103316.209          101849.818          101824.004          
    76390400            582.81             102744.361          102842.777          101708.920          101711.679          
    76800000            585.93             102516.442          102290.541          101438.348          101376.391          
    77209600            589.06             103138.917          102966.006          101820.855          101802.098          
    77619200            592.18             102593.708          102866.717          101902.681          101899.955          
    78028800            595.31             102553.460          102745.620          101843.946          101877.604          
    78438400            598.43             102946.509          103241.066          101495.370          101408.301          
    78848000            601.56             102556.365          102765.820          101888.786          101865.800          
    79257600            604.68             102435.990          102551.699          102046.616          102011.832          
    79667200            607.81             103388.251          103490.264          101854.235          101864.849          
    80076800            610.93             102711.327          103041.904          101367.181          101386.604          
    80486400            614.06             102561.402          102436.051          101727.913          101714.447          
    80896000            617.18             102967.085          103113.745          101884.366          101856.737          
    81305600            620.31             102845.594          102833.099          101916.884          101891.611          
    81715200            623.43             102793.850          102574.750          101537.320          101509.056          
    82124800            626.56             102873.578          103196.905          101597.345          101579.794          
    82534400            629.68             102748.433          102979.555          101997.945          101929.760          
    82944000            632.81             102625.935          102615.405          102028.598          101974.571          
    83353600            635.93             102743.185          102846.106          101516.398          101472.521          
    83763200            639.06             102713.650          102968.838          101653.531          101621.944          
    84172800            642.18             102467.798          102689.885          101967.676          101924.919          
    84582400            645.31             103320.550          103102.841          102012.185          101950.992          
    84992000            648.43             102988.383          102969.316          101748.046          101728.556          
    85401600            651.56             102480.278          102625.416          101532.726          101542.570          
    85811200            654.68             103197.200          103176.618          101908.279          101913.917          
    86220800            657.81             102753.383          102942.949          102061.044          101988.322          
    86630400            660.93             102303.795          102586.180          101739.834          101716.196          
    87040000            664.06             103048.318          103171.488          101343.902          101359.008          
    87449600            667.18             102734.745          102893.027          101930.640          101861.534          
    87859200            670.31             102600.867          102760.635          102059.119          102013.249          
    88268800            673.43             103306.690          103234.967          101859.007          101796.454          
    88678400            676.56             102764.943          102952.426          101476.004          101477.354          
    89088000            679.68             102654.897          102757.236          101845.343          101795.904          
    89497600            682.81             103067.254          103076.068          101988.894          101928.725          
    89907200            685.93             102915.552          102816.911          101852.076          101899.776          
    90316800            689.06             102405.551          102625.490          101558.092          101500.302          
    90726400            692.18             103040.829          103298.425          101658.079          101568.991          
    91136000            695.31             102744.012          102922.302          102018.234          102008.266          
    91545600            698.43             102611.953          102485.082          101998.277          101943.412          
    91955200            701.56             103068.540          103355.775          101580.858          101536.464          
    92364800            704.68             102858.824          102859.318          101559.605          101572.932          
    92774400            707.81             102789.310          102631.466          101962.019          101969.196          
    93184000            710.93             103050.756          103268.105          101906.351          101860.647          
    93593600            714.06             102746.347          102844.417          101748.763          101666.422          
    94003200            717.18             102543.448          102718.541          101496.309          101509.388          
    94412800            720.31             103198.120          103020.181          101960.021          101922.863          
    94822400            723.43             102828.450          102717.588          102078.039          102008.051          
    95232000            726.56             102516.088          102500.675          101784.949          101890.797          
    95641600            729.68             103106.240          103279.263          101449.033          101422.425          
    96051200            732.81             102841.723          102939.389          101919.684          101879.101          
    96460800            735.93             102509.413          102589.360          101920.000          101917.178          
    96870400            739.06             103062.779          103445.679          101888.185          101845.163          
    97280000            742.18             102657.569          102726.657          101465.256          101447.087          
    97689600            745.31             102369.277          102675.024          101897.429          101819.541          
    98099200            748.43             103031.789          103293.188          102041.262          101946.831          
    98508800            751.56             102948.943          103034.958          101939.049          101922.780          
    98918400            754.68             102546.183          102753.574          101527.322          101561.600          
    99328000            757.81             103154.262          103151.919          101681.078          101740.479          
    99737600            760.93             102872.193          102893.498          101927.908          101906.089          
    100147200            764.06             102526.553          102561.846          102054.228          101961.101          
    100556800            767.18             102804.846          103458.155          101482.421          101668.743          
    100966400            770.31             102717.528          102822.553          101556.375          101610.207          
    101376000            773.43             102613.383          102650.574          101947.778          102005.095          
    101785600            776.56             103214.959          103143.739          102015.462          102047.607          
    102195200            779.68             102895.209          102730.413          101653.345          101776.196          
