# Benchmark GPU-STREAM running on  Tesla C2070
# Precision: double. Range: [204800 .. 22100000] step 80960
# For more details see https://github.com/UoB-HPC/GPU-STREAM
#  ArrayElements    ArraySize(MB)      Copy(MBytes/s)    Mul(MBytes/s)      Add(MBytes/s)      Triad(MBytes/s)
    204800            1.56             80477.442          80475.465          83781.342          83781.342               ok
    285760            2.18             84889.615          85780.105          87970.748          87734.367               ok
    366720            2.79             88682.673          88776.631          91087.244          90367.790               ok
    447680            3.41             91044.214          92605.678          92970.031          93138.541               ok
    528640            4.03             93041.733          93472.762          94175.604          93786.265               ok
    609600            4.65             94695.083          94823.115          95211.158          95038.509               ok
    690560            5.26             91765.758          92301.139          93006.755          92463.180               ok
    771520            5.88             96950.555          97378.324          96002.490          96456.342               ok
    852480            6.50             97734.976          97637.670          96749.954          96717.919               ok
    933440            7.12             98802.023          98438.421          97405.856          97199.489               ok
    1014400            7.73             98449.586          98532.715          97827.314          97772.277               ok
    1095360            8.35             97881.890          99042.044          98137.653          97907.607               ok
    1176320            8.97             99780.543          99595.620          98072.317          98406.521               ok
    1257280            9.59             98507.277          100222.689          98913.767          98845.678               ok
    1338240            10.20             99568.196          99860.478          98871.794          98914.757               ok
    1419200            10.82             99970.659          100402.818          98915.347          98915.347               ok
    1500160            11.44             100458.965          101020.025          99384.270          99346.151               ok
    1581120            12.06             100056.149          101259.276          99506.586          99306.325               ok
    1662080            12.68             100937.326          100617.267          99443.402          99322.314               ok
    1743040            13.29             99394.655          100927.157          99883.593          100083.870               ok
    1824000            13.91             99075.128          100893.467          99334.491          99271.409               ok
    1904960            14.53             101520.226          101590.959          99740.913          99756.149               ok
    1985920            15.15             98754.942          99620.178          99243.512          98228.821               ok
    2066880            15.76             99557.997          100980.740          99606.886          99718.641               ok
    2147840            16.38             101891.333          101116.158          99715.519          99756.052               ok
    2228800            17.00             100643.309          101807.274          99725.640          99777.739               ok
    2309760            17.62             101671.001          101827.643          99961.184          99936.128               ok
    2390720            18.23             101057.225          101733.112          100206.288          100353.376               ok
    2471680            18.85             101663.226          102380.112          100282.215          100282.215               ok
    2552640            19.47             101474.130          102398.459          100491.422          100468.508               ok
    2633600            20.09             101297.537          101484.723          100531.890          100610.168               ok
    2714560            20.71             101395.610          101230.596          100613.478          100515.803               ok
    2795520            21.32             101783.659          101381.083          100611.203          100474.394               ok
    2876480            21.94             100358.837          100757.843          100125.144          99942.791               ok
    2957440            22.56             101268.921          101740.344          100726.886          100786.818               ok
    3038400            23.18             102085.820          102431.503          100552.000          100668.471               ok
    3119360            23.79             102181.322          102577.220          100849.676          100631.813               ok
    3200320            24.41             101732.634          101746.786          100698.729          100560.415               ok
    3281280            25.03             102302.814          102806.501          100439.051          100430.084               ok
    3362240            25.65             100568.146          100778.617          100541.954          100638.143               ok
    3443200            26.26             101752.320          101087.360          100486.243          100383.936               ok
    3524160            26.88             102738.506          103053.255          100350.080          100316.749               ok
    3605120            27.50             101132.787          102755.960          100635.543          100521.177               ok
    3686080            28.12             103074.106          102274.963          100701.358          100517.565               ok
    3767040            28.74             100996.470          102423.148          100764.540          100788.134               ok
    3848000            29.35             102482.003          102184.961          100617.808          100825.028               ok
    3928960            29.97             101946.046          101189.537          100740.147          100845.539               ok
    4009920            30.59             102547.010          102284.228          101101.902          101250.533               ok
    4090880            31.21             102468.612          101978.016          101003.356          100988.915               ok
    4171840            31.82             102577.036          102204.009          100855.846          100905.550               ok
    4252800            32.44             102111.099          101367.379          101188.343          101160.361               ok
    4333760            33.06             101896.177          103091.826          101296.656          101213.949               ok
    4414720            33.68             102296.926          102764.569          100935.583          100975.891               ok
    4495680            34.29             101192.860          102116.070          100958.070          100799.982               ok
    4576640            34.91             101468.528          102540.250          100837.367          100830.794               ok
    4657600            35.53             102478.442          103502.473          101314.015          101141.110               ok
    4738560            36.15             102807.023          103021.760          100889.492          100864.525               ok
    4819520            36.77             101917.457          103309.944          100794.520          100757.727               ok
    4900480            37.38             102652.206          102380.610          100974.626          100908.082               ok
    4981440            38.00             101362.204          101887.056          100590.701          100643.972               ok
    5062400            38.62             102353.798          102661.951          101142.539          101195.535               ok
    5143360            39.24             102389.933          102989.725          101135.885          101083.867               ok
    5224320            39.85             103006.813          103496.903          101129.439          101089.561               ok
    5305280            40.47             102623.374          102458.968          101744.130          101619.300               ok
    5386240            41.09             102682.083          102248.134          101224.738          101274.699               ok
    5467200            41.71             103355.589          102459.371          101435.878          101359.322               ok
    5548160            42.32             102739.906          103056.467          101717.565          101473.927               ok
    5629120            42.94             102140.792          101898.686          101330.229          101372.657               ok
    5710080            43.56             102088.526          101683.782          101536.412          101358.122               ok
    5791040            44.18             103012.405          103997.549          101405.965          101478.380               ok
    5872000            44.79             102228.624          101679.937          101248.869          101198.118               ok
    5952960            45.41             102995.328          102207.800          101538.128          101447.494               ok
    6033920            46.03             103589.157          102987.081          101373.206          101437.688               ok
    6114880            46.65             101730.112          102100.973          101208.276          101261.913               ok
    6195840            47.27             103632.997          102318.082          101057.714          101134.564               ok
    6276800            47.88             102978.614          101941.769          100864.298          100887.875               ok
    6357760            48.50             102348.686          102760.336          101123.937          101039.689               ok
    6438720            49.12             102327.877          102534.141          101077.250          101054.178               ok
    6519680            49.74             102251.526          102391.757          101205.216          101218.966               ok
    6600640            50.35             101423.241          102260.176          101172.108          100942.507               ok
    6681600            50.97             102038.857          103473.588          101298.204          101244.609               ok
    6762560            51.59             101295.721          101474.795          101150.174          101233.897               ok
    6843520            52.21             102219.991          102100.177          101428.665          101376.201               ok
    6924480            52.82             102718.432          103475.575          101498.145          101589.105               ok
    7005440            53.44             102426.108          101815.373          101536.178          101609.080               ok
    7086400            54.06             102542.162          103509.889          101399.982          101543.714               ok
    7167360            54.68             102739.364          102784.395          101388.087          101408.888               ok
    7248320            55.30             102323.922          103233.724          101401.221          101459.005               ok
    7329280            55.91             102287.272          102882.735          101377.303          101332.390               ok
    7410240            56.53             102896.012          103321.879          101763.043          101539.860               ok
    7491200            57.15             102185.919          102271.200          101327.051          101402.895               ok
    7572160            57.77             102194.064          101983.803          101210.214          101202.323               ok
    7653120            58.38             103928.841          103818.157          101255.629          101236.150               ok
    7734080            59.00             102487.872          102731.493          101030.540          101095.973               ok
    7815040            59.62             102621.977          102934.671          101439.519          101351.477               ok
    7896000            60.24             101948.603          102023.367          101363.901          101186.246               ok
    7976960            60.85             103134.286          102751.601          101543.108          101389.092               ok
    8057920            61.47             102622.273          103051.932          101594.372          101475.227               ok
    8138880            62.09             102366.433          101863.082          101692.717          101522.894               ok
    8219840            62.71             102277.680          102589.712          101482.095          101518.600               ok
    8300800            63.33             102681.929          103127.401          101575.778          101532.394               ok
    8381760            63.94             103884.575          102192.665          101495.868          101495.868               ok
    8462720            64.56             103091.335          102280.874          101559.305          101569.920               ok
    8543680            65.18             102727.449          103690.775          101635.621          101512.641               ok
    8624640            65.80             102325.279          102319.968          101546.893          101553.819               ok
    8705600            66.41             102341.612          103925.617          101597.771          101635.729               ok
    8786560            67.03             102875.560          102529.656          101408.763          101446.281               ok
    8867520            67.65             103363.173          102518.099          101399.018          101415.931               ok
    8948480            68.27             103914.931          102717.244          101382.845          101329.362               ok
    9029440            68.88             102923.914          102852.246          101145.480          101132.357               ok
    9110400            69.50             102323.654          102655.817          101449.811          101390.671               ok
    9191360            70.12             102969.776          103111.006          101238.483          101280.693               ok
    9272320            70.74             103201.148          103502.897          101393.299          101480.502               ok
    9353280            71.35             102556.982          102591.362          101541.224          101518.768               ok
    9434240            71.97             104001.494          103602.611          101400.723          101581.831               ok
    9515200            72.59             102251.031          103484.038          101640.775          101574.407               ok
    9596160            73.21             102157.171          103538.023          101601.568          101661.083               ok
    9677120            73.83             103037.511          102808.173          101628.288          101609.658               ok
    9758080            74.44             102418.473          101941.989          101688.524          101756.392               ok
    9839040            75.06             102516.035          103059.744          101649.898          101698.801               ok
    9920000            75.68             103012.257          103222.761          101675.595          101593.763               ok
    10000960            76.30             102752.996          102248.580          101682.835          101538.596               ok
    10081920            76.91             102508.417          103658.618          101546.857          101520.099               ok
    10162880            77.53             102792.632          103782.379          101439.971          101469.387               ok
    10243840            78.15             102408.062          102256.309          101557.159          101568.824               ok
    10324800            78.77             102372.457          102434.544          101419.869          101422.775               ok
    10405760            79.38             102623.836          103063.163          101515.160          101411.518               ok
    10486720            80.00             102701.007          102076.898          100880.916          100610.496               ok
    10567680            80.62             102835.081          103653.992          101589.434          101552.458               ok
    10648640            81.24             102023.140          103341.341          101416.619          101354.800               ok
    10729600            81.86             102626.559          102344.569          101584.567          101623.775               ok
    10810560            82.47             100984.347          101223.754          100839.066          100430.147               ok
    10891520            83.09             102349.359          102707.502          101770.473          101662.653               ok
    10972480            83.71             103029.330          103117.988          101628.225          101705.000               ok
    11053440            84.33             102869.723          102777.835          101689.544          101610.668               ok
    11134400            84.94             102547.719          102448.878          101725.719          101741.909               ok
    11215360            85.56             101968.691          102086.166          101672.755          101538.816               ok
    11296320            86.18             102990.355          103410.161          101631.270          101705.811               ok
    11377280            86.80             102524.176          102415.383          101696.091          101717.231               ok
    11458240            87.41             102687.659          102965.660          101678.614          101725.933               ok
    11539200            88.03             104203.599          104289.896          101536.442          101583.261               ok
    11620160            88.65             102355.743          102628.091          101538.484          101445.586               ok
    11701120            89.27             102591.079          103207.295          101491.762          101507.097               ok
    11782080            89.89             102969.330          102792.844          101197.229          101230.091               ok
    11863040            90.50             102311.355          102539.127          101381.373          101520.224               ok
    11944000            91.12             102749.888          103047.804          101404.416          101374.364               ok
    12024960            91.74             102225.080          102647.868          101539.284          101581.743               ok
    12105920            92.36             102384.682          103200.003          101590.791          101568.488               ok
    12186880            92.97             102516.290          103546.694          101681.172          101668.836               ok
    12267840            93.59             102280.420          102373.563          101704.215          101704.215               ok
    12348800            94.21             102711.845          102726.798          101726.966          101724.522               ok
    12429760            94.83             103077.887          102709.809          101710.645          101790.644               ok
    12510720            95.44             102498.318          102326.294          101913.941          101911.519               ok
    12591680            96.06             102210.734          102643.545          101630.908          101583.180               ok
    12672640            96.68             102980.487          103358.151          101784.189          101727.094               ok
    12753600            97.30             102295.273          102485.480          101692.329          101675.810               ok
    12834560            97.91             103016.316          102627.899          101669.736          101702.568               ok
    12915520            98.53             102740.462          103112.876          101659.072          101642.770               ok
    12996480            99.15             102325.167          101946.738          101449.964          101551.437               ok
    13077440            99.77             103338.605          103570.849          101530.196          101472.878               ok
    13158400            100.39             103287.590          103330.122          101312.403          101301.061               ok
    13239360            101.00             102652.881          102220.428          101299.759          101329.092               ok
    13320320            101.62             103192.807          104289.638          101502.870          101473.615               ok
    13401280            102.24             102468.070          102653.113          101574.213          101554.040               ok
    13482240            102.86             102382.746          102603.789          101673.800          101662.651               ok
    13563200            103.47             102538.188          102840.245          101648.127          101652.540               ok
    13644160            104.09             102138.550          102476.767          101724.174          101732.991               ok
    13725120            104.71             102492.959          102912.287          101777.449          101773.046               ok
    13806080            105.33             103039.987          103356.510          101825.773          101799.556               ok
    13887040            105.94             102399.386          102551.244          101773.686          101721.594               ok
    13968000            106.56             102714.865          103131.999          101773.955          101769.660               ok
    14048960            107.18             103652.496          103392.741          101907.479          101823.644               ok
    14129920            107.80             102395.965          102564.694          101810.875          101766.052               ok
    14210880            108.42             102586.292          103318.894          101702.780          101732.481               ok
    14291840            109.03             102746.159          103183.339          101680.347          101686.648               ok
    14372800            109.65             102227.330          102450.002          101584.944          101656.049               ok
    14453760            110.27             102771.742          103037.184          101618.424          101547.803               ok
    14534720            110.89             102440.777          102804.511          101293.948          101316.543               ok
    14615680            111.50             102121.809          102635.186          101327.541          101327.541               ok
    14696640            112.12             102715.260          102916.167          101413.710          101444.277               ok
    14777600            112.74             102396.541          102257.351          101625.013          101594.505               ok
    14858560            113.36             103238.143          103505.001          101733.433          101694.934               ok
    14939520            113.97             102817.925          103486.362          101623.175          101580.937               ok
    15020480            114.59             103111.404          102323.352          101812.692          101776.560               ok
    15101440            115.21             102490.436          103412.598          101756.875          101754.875               ok
    15182400            115.83             102954.057          102957.111          101850.593          101765.169               ok
    15263360            116.45             102393.345          102552.487          101816.856          101822.799               ok
    15344320            117.06             102788.527          102842.653          101877.885          101868.049               ok
    15425280            117.68             103454.514          102945.164          101858.043          101850.224               ok
    15506240            118.30             102600.269          102600.269          101824.817          101793.649               ok
    15587200            118.92             102652.272          103233.973          101695.268          101720.405               ok
    15668160            119.53             102948.301          103769.778          101709.390          101697.891               ok
    15749120            120.15             102362.105          102440.547          101624.928          101560.104               ok
    15830080            120.77             102582.276          103277.557          101529.212          101618.367               ok
    15911040            121.39             102856.260          102987.040          101415.844          101404.560               ok
    15992000            122.00             102293.887          103024.566          101279.598          101188.224               ok
    16072960            122.62             102748.214          103820.160          101550.511          101483.319               ok
    16153920            123.24             102447.774          102675.156          101602.078          101581.605               ok
    16234880            123.86             102419.219          103275.298          101699.509          101675.385               ok
    16315840            124.47             103191.031          103296.543          101853.458          101777.663               ok
    16396800            125.09             102544.816          102743.894          101842.275          101849.655               ok
    16477760            125.71             103070.412          102747.766          101844.054          101822.053               ok
    16558720            126.33             103013.895          103429.619          101851.245          101873.125               ok
    16639680            126.95             102344.258          102402.048          101691.739          101785.854               ok
    16720640            127.56             102232.474          102872.212          101827.527          101737.400               ok
    16801600            128.18             103142.830          103950.675          101698.384          101773.697               ok
    16882560            128.80             102613.766          103183.215          101775.709          101784.657               ok
    16963520            129.42             102590.984          102658.738          101770.653          101777.752               ok
    17044480            130.03             103170.915          103523.749          101642.793          101621.633               ok
    17125440            130.65             102480.005          102573.765          101594.510          101643.654               ok
    17206400            131.27             102588.924          102896.902          101515.348          101569.405               ok
    17287360            131.89             102590.625          102910.529          101298.702          101291.777               ok
    17368320            132.50             102557.970          102257.490          101416.465          101349.320               ok
    17449280            133.12             103152.647          103663.590          101499.052          101528.286               ok
    17530240            133.74             103035.319          102587.831          101599.850          101589.570               ok
    17611200            134.36             102665.237          104028.546          101621.378          101549.742               ok
    17692160            134.98             102846.348          103627.339          101630.798          101605.311               ok
    17773120            135.59             102530.888          102735.254          101814.670          101784.131               ok
    17854080            136.21             102656.310          102893.925          101792.756          101777.572               ok
    17935040            136.83             103279.607          103819.824          101747.545          101848.423               ok
    18016000            137.45             102516.214          102689.659          101881.846          101858.397               ok
    18096960            138.06             102721.440          103096.934          101908.345          101831.572               ok
    18177920            138.68             103037.636          104467.081          101819.922          101791.721               ok
    18258880            139.30             102303.893          102756.341          101815.002          101697.821               ok
    18339840            139.92             102667.525          103088.190          101695.861          101687.661               ok
    18420800            140.53             102954.326          104439.818          101737.290          101684.991               ok
    18501760            141.15             102538.402          103026.954          101592.986          101653.106               ok
    18582720            141.77             102782.844          103208.959          101519.714          101527.780               ok
    18663680            142.39             103051.173          103415.086          101508.174          101582.162               ok
    18744640            143.01             102565.854          102575.641          101370.558          101367.383               ok
    18825600            143.62             103411.140          103299.637          101507.744          101477.467               ok
    18906560            144.24             102343.806          102530.363          101629.759          101613.873               ok
    18987520            144.86             102587.801          102730.729          101716.160          101711.392               ok
    19068480            145.48             103339.271          104127.525          101756.112          101787.730               ok
    19149440            146.09             102735.056          102809.693          101765.868          101781.600               ok
    19230400            146.71             102707.236          103801.120          101808.435          101783.355               ok
    19311360            147.33             102782.272          103086.416          101880.414          101839.759               ok
    19392320            147.95             102578.891          103532.774          101746.410          101758.846               ok
    19473280            148.56             102472.074          102717.447          101813.304          101906.349               ok
    19554240            149.18             102978.224          103329.772          101839.602          101825.725               ok
    19635200            149.80             102488.391          102691.976          101818.735          101803.382               ok
    19716160            150.42             103011.554          103785.552          101777.480          101811.116               ok
    19797120            151.04             103095.641          104451.425          101724.398          101759.387               ok
    19878080            151.65             102720.671          102660.492          101608.312          101694.516               ok
    19959040            152.27             104039.919          103099.183          101613.694          101604.663               ok
    20040000            152.89             102789.268          103528.725          101351.356          101358.789               ok
    20120960            153.51             103285.163          102597.798          101351.764          101397.839               ok
    20201920            154.12             103097.468          103728.349          101564.228          101515.211               ok
    20282880            154.74             102609.712          102691.342          101574.147          101620.055               ok
    20363840            155.36             103066.745          103187.586          101762.725          101724.281               ok
    20444800            155.98             102747.509          103100.343          101702.583          101645.213               ok
    20525760            156.59             102426.061          102701.215          101819.064          101861.699               ok
    20606720            157.21             103007.002          102731.293          101801.546          101830.808               ok
    20687680            157.83             103282.931          102781.194          101877.488          101813.288               ok
    20768640            158.45             102848.514          102357.322          101923.847          101900.571               ok
    20849600            159.06             102802.456          103376.517          101891.585          101856.822               ok
    20930560            159.68             103093.225          103277.531          101868.893          101871.785               ok
    21011520            160.30             102835.015          102967.017          101880.230          101871.606               ok
    21092480            160.92             102949.408          103398.824          101685.642          101708.463               ok
    21173440            161.54             103109.197          103746.536          101714.610          101748.744               ok
    21254400            162.15             102453.433          102879.864          101644.255          101648.508               ok
    21335360            162.77             102636.054          102646.825          101605.508          101628.054               ok
    21416320            163.39             103036.000          103113.981          101518.036          101478.831               ok
    21497280            164.01             102531.626          102563.637          101349.257          101397.959               ok
    21578240            164.62             103142.937          102945.334          101518.940          101503.678               ok
    21659200            165.24             102426.846          102431.055          101651.825          101693.488               ok
    21740160            165.86             102635.680          103574.853          101788.196          101766.020               ok
    21821120            166.48             103174.938          103083.425          101832.591          101822.909               ok
    21902080            167.09             102399.222          102338.664          101762.320          101784.351               ok
    21983040            167.71             102624.597          102708.300          101909.469          101858.627               ok
    22064000            168.33             103204.142          103529.668          102042.194          101832.511               ok
