# Benchmark GPU-STREAM running on  Intel(R) Many Integrated Core Acceleration Card
# Precision: double. Range: [204800 .. 102400000] step 409600
# For more details see https://github.com/UoB-HPC/GPU-STREAM
#  ArrayElements    ArraySize(MB)      Copy(MBytes/s)    Mul(MBytes/s)      Add(MBytes/s)      Triad(MBytes/s)
    204800            1.56             9230.423          10176.398          12226.866          11377.778          
    614400            4.68             29609.639          30154.601          39638.710          38500.261          
    1024000            7.81             35158.798          35310.345          45259.669          45426.987          
    1433600            10.93             36936.554          36583.094          37892.511          37643.764          
    1843200            14.06             47489.855          44548.640          44548.640          46032.050          
    2252800            17.18             39828.508          38345.532          44536.409          45549.452          
    2662400            20.31             37203.843          38620.490          44250.416          43616.109          
    3072000            23.43             41096.990          41338.940          48473.373          47968.770          
    3481600            26.56             43520.000          42620.964          50034.970          50457.971          
    3891200            29.68             43355.989          43537.902          51767.627          52495.110          
    4300800            32.81             44829.186          43387.642          51764.895          52797.545          
    4710400            35.93             44151.377          42555.844          52777.591          53124.812          
    5120000            39.06             44643.052          45184.777          54036.939          55351.351          
    5529600            42.18             48611.868          47135.642          54998.094          56859.640          
    5939200            45.31             44845.304          44930.118          51738.947          55614.826          
    6348800            48.43             46532.661          47445.493          55711.590          56833.719          
    6758400            51.56             46349.936          47573.427          56872.931          57294.807          
    7168000            54.68             48228.764          48679.117          57806.452          58375.297          
    7577600            57.81             48073.592          47397.029          58874.199          58665.290          
    7987200            60.93             47791.773          45237.239          57119.428          56496.552          
    8396800            64.06             49212.015          51692.497          59941.463          60754.658          
    8806400            67.18             51859.551          51125.689          61835.459          61493.628          
    9216000            70.31             52400.853          52031.052          61576.837          61817.775          
    9625600            73.43             51594.506          51081.128          61818.143          62419.454          
    10035200            76.56             50523.348          50650.852          62362.714          62557.091          
    10444800            79.68             50094.964          54065.610          63833.766          64540.474          
    10854400            82.81             55627.931          52294.610          63662.170          64006.290          
    11264000            85.93             54563.730          53686.029          63623.441          64075.847          
    11673600            89.06             53872.974          53380.280          64733.457          65383.057          
    12083200            92.18             54352.319          54367.604          64760.339          66088.605          
    12492800            95.31             55216.796          51945.114          65910.574          66761.790          
    12902400            98.43             56791.857          55123.738          65577.637          66464.392          
    13312000            101.56             54557.377          54404.087          66352.648          67602.201          
    13721600            104.68             54369.886          55454.812          66555.861          66636.665          
    14131200            107.81             54403.080          49550.559          66682.816          65612.072          
    14540800            110.93             56730.749          52094.223          67034.038          65132.363          
    14950400            114.06             48139.746          50614.981          57108.006          64429.808          
    15360000            117.18             49044.103          49428.801          61686.747          64144.771          
    15769600            120.31             46466.593          49126.480          63555.063          63758.491          
    16179200            123.43             46802.965          50569.877          64362.805          65925.433          
    16588800            126.56             58436.988          56149.947          67149.806          67709.388          
    16998400            129.68             54091.965          54646.253          67187.352          69440.272          
    17408000            132.81             52542.539          52831.563          68177.546          64019.614          
    17817600            135.93             51635.863          54886.715          66920.563          68485.330          
    18227200            139.06             58833.004          57589.889          68684.691          68771.074          
    18636800            142.18             54773.843          52359.754          68381.471          69659.430          
    19046400            145.31             57357.877          52208.737          69417.403          70925.306          
    19456000            148.43             55509.272          51015.405          67360.646          68087.489          
    19865600            151.56             58503.516          55029.363          69107.755          69714.052          
    20275200            154.68             58928.828          57274.576          69366.329          69495.116          
    20684800            157.81             52758.935          53509.588          69802.475          70466.317          
    21094400            160.93             54978.075          51504.715          68823.491          68776.742          
    21504000            164.06             54268.770          54752.387          68429.594          69358.420          
    21913600            167.18             55919.872          55742.067          69677.583          69182.636          
    22323200            170.31             51082.838          52065.773          69814.543          71055.279          
    22732800            173.43             50370.420          56840.881          63344.619          63278.497          
    23142400            176.56             49963.352          50869.405          70314.926          70395.133          
    23552000            179.68             53887.030          53512.070          69775.089          71532.270          
    23961600            182.81             55482.721          57574.050          70691.875          70345.982          
    24371200            185.93             52666.018          57293.447          71104.887          70906.631          
    24780800            189.06             53645.352          53937.260          66734.650          71569.097          
    25190400            192.18             52032.843          56441.171          70693.358          72559.962          
    25600000            195.31             59448.476          60244.154          70096.977          69929.433          
    26009600            198.43             53864.043          58309.318          69886.968          70999.818          
    26419200            201.56             58104.082          56226.018          71645.288          70868.537          
    26828800            204.68             59372.172          58173.303          71416.504          71219.024          
    27238400            207.81             57992.601          58490.726          71343.621          71971.992          
    27648000            210.93             60039.088          60416.280          71105.015          71158.391          
    28057600            214.06             60558.694          60517.875          71408.526          71712.716          
    28467200            217.18             57963.248          57314.106          71027.425          71458.299          
    28876800            220.31             54990.336          52857.659          71795.628          72320.067          
    29286400            223.43             58904.136          57046.798          69139.642          69282.760          
    29696000            226.56             52963.549          56076.478          62359.262          70986.454          
    30105600            229.68             51429.596          55443.094          67369.175          61929.751          
    30515200            232.81             51655.015          54069.014          60501.016          63995.526          
    30924800            235.93             52609.973          53049.941          69643.915          66876.482          
    31334400            239.06             48864.561          55588.247          67896.858          70705.679          
    31744000            242.18             52399.051          54205.336          71334.831          72009.074          
    32153600            245.31             49343.718          53706.817          69302.775          67103.165          
    32563200            248.43             51524.051          49277.518          71208.820          70047.217          
    32972800            251.56             56629.970          62300.992          71466.378          71686.493          
    33382400            254.68             54535.266          56496.552          69402.079          71931.909          
    33792000            257.81             55002.238          55630.415          71631.161          71291.139          
    34201600            260.93             58042.597          55180.559          72206.052          72885.669          
    34611200            264.06             57763.555          53859.094          72712.605          72827.354          
    35020800            267.18             59269.389          58392.330          72263.709          72858.807          
    35430400            270.31             57481.890          54989.466          72263.925          72590.883          
    35840000            273.43             58808.327          53502.519          72452.830          72556.727          
    36249600            276.56             52393.279          58685.986          72602.053          72967.408          
    36659200            279.68             52253.648          55018.028          69249.965          72004.321          
    37068800            282.81             51417.495          52417.216          69547.467          69542.031          
    37478400            285.93             55105.164          53264.736          66411.813          71105.265          
    37888000            289.06             53899.529          52773.396          71240.364          72391.689          
    38297600            292.18             57433.836          53807.657          71824.834          72556.236          
    38707200            295.31             53393.844          60397.425          71862.984          72046.906          
    39116800            298.43             52242.805          55796.452          72533.663          73030.198          
    39526400            301.56             57129.395          56375.682          71964.315          73435.021          
    39936000            304.68             56904.088          61029.226          73137.276          73665.668          
    40345600            307.81             62159.807          58823.547          72974.180          73062.280          
    40755200            310.93             55510.615          58809.812          71979.160          72636.626          
    41164800            314.06             58854.151          60569.873          72324.685          69165.164          
    41574400            317.18             59418.526          58871.617          72703.702          73637.314          
    41984000            320.31             61234.640          60316.423          72339.436          72968.064          
    42393600            323.43             62109.477          61939.330          72815.172          73045.186          
    42803200            326.56             56324.632          58225.744          72297.614          72450.582          
    43212800            329.68             56565.884          59696.495          71926.430          73190.346          
    43622400            332.81             59644.368          55751.929          72392.311          73202.182          
    44032000            335.93             56415.119          55962.507          73041.747          73657.768          
    44441600            339.06             55189.817          54061.096          71790.967          73828.366          
    44851200            342.18             55307.838          51888.590          65293.510          71253.644          
    45260800            345.31             54882.365          50022.297          69932.350          68785.410          
    45670400            348.43             49193.914          52261.937          69447.481          71429.756          
    46080000            351.56             49432.115          55243.519          71349.677          73084.853          
    46489600            354.68             49978.741          52412.176          72715.746          70563.521          
    46899200            357.81             52577.578          54148.304          73514.519          74090.363          
    47308800            360.93             51991.263          51905.698          71589.609          73799.883          
    47718400            364.06             53862.039          55165.780          73098.972          72068.567          
    48128000            367.18             51504.782          59079.945          72137.897          69382.028          
    48537600            370.31             54167.650          57632.772          72340.707          74225.972          
    48947200            373.43             53508.828          55681.138          71135.570          73078.246          
    49356800            376.56             58306.911          55293.992          73809.159          73772.386          
    49766400            379.68             61463.713          56629.144          73029.263          73127.631          
    50176000            382.81             55180.150          52844.655          72837.598          69608.324          
    50585600            385.93             57857.574          55311.255          72390.102          71456.998          
    50995200            389.06             55984.850          53788.859          72354.999          73273.352          
    51404800            392.18             57001.649          55000.455          73396.109          74061.424          
    51814400            395.31             57344.567          53558.395          70857.299          73840.366          
    52224000            398.43             54534.917          54538.477          69293.233          73258.285          
    52633600            401.56             54726.904          52254.753          72903.930          73932.249          
    53043200            404.68             58089.747          59427.995          72438.648          73188.272          
    53452800            407.81             56664.997          56310.561          73006.328          73804.349          
    53862400            410.93             57171.182          53926.438          73569.950          74731.044          
    54272000            414.06             55885.700          55849.756          73456.350          74007.273          
    54681600            417.18             62253.138          56745.726          74574.293          74735.672          
    55091200            420.31             59209.995          58448.326          74263.581          74105.414          
    55500800            423.43             59224.543          60877.000          73849.265          74062.786          
    55910400            426.56             60159.139          59657.646          73736.103          75203.138          
    56320000            429.68             59027.905          60223.217          74089.016          74076.835          
    56729600            432.81             61792.743          61329.297          74015.243          74456.437          
    57139200            435.93             60830.874          58514.286          73946.659          73970.592          
    57548800            439.06             61822.264          57063.758          74561.175          74888.641          
    57958400            442.18             60804.826          56565.475          74218.419          74556.553          
    58368000            445.31             59818.601          59133.034          74071.066          74377.827          
    58777600            448.43             60599.369          58401.639          70515.491          71023.180          
    59187200            451.56             55480.415          55876.516          67083.485          74672.386          
    59596800            454.68             53495.024          54603.951          70014.352          67277.667          
    60006400            457.81             49743.661          54881.811          66031.802          70206.874          
    60416000            460.93             51450.713          52237.557          66555.770          70545.101          
    60825600            464.06             52888.952          55780.914          73180.991          73527.471          
    61235200            467.18             50862.441          51888.741          73120.295          74465.180          
    61644800            470.31             52763.965          52494.374          71861.045          73046.075          
    62054400            473.43             53168.598          50755.056          73048.146          74558.478          
    62464000            476.56             55918.089          53637.310          73479.855          73874.538          
    62873600            479.68             54035.430          52630.407          74260.157          73827.800          
    63283200            482.81             52940.040          53806.526          71546.863          71875.292          
    63692800            485.93             55575.329          57702.554          73227.650          73056.165          
    64102400            489.06             54465.424          56064.196          71413.341          73804.634          
    64512000            492.18             54714.657          55354.320          71494.644          70879.326          
    64921600            495.31             52856.992          54685.212          70378.897          72035.062          
    65331200            498.43             55053.415          55793.926          70182.570          73709.515          
    65740800            501.56             54432.457          53578.484          70682.699          73710.778          
    66150400            504.68             54235.532          55237.535          73357.804          73811.409          
    66560000            507.81             55774.589          56391.845          67817.449          71199.857          
    66969600            510.93             56768.932          54736.085          71878.288          71759.550          
    67379200            514.06             55203.400          56419.678          74606.727          73648.531          
    67788800            517.18             57387.344          57655.794          74113.120          74643.568          
    68198400            520.31             58047.367          55700.582          74091.784          75042.942          
    68608000            523.43             58954.243          58720.873          74668.601          75063.457          
    69017600            526.56             58236.557          61291.092          74674.168          74920.729          
    69427200            529.68             59333.148          60032.166          74733.262          74783.573          
    69836800            532.81             58630.958          61250.277          73836.264          74258.261          
    70246400            535.93             59559.239          59285.916          74489.180          74132.161          
    70656000            539.06             59909.698          60795.698          74166.550          74567.697          
    71065600            542.18             59888.844          60743.074          73345.420          74310.491          
    71475200            545.31             59386.363          62987.618          74437.179          74560.125          
    71884800            548.43             58318.467          57290.137          74899.505          75006.965          
    72294400            551.56             59673.463          59124.433          72895.790          74402.470          
    72704000            554.68             58780.394          60884.748          74310.975          74734.281          
    73113600            557.81             55785.293          57408.726          72521.342          74277.277          
    73523200            560.93             55567.841          52667.049          73278.937          74041.490          
    73932800            564.06             53953.241          53739.996          71721.390          73711.665          
    74342400            567.18             55432.864          53292.043          74240.320          72875.775          
    74752000            570.31             55808.502          53955.519          71547.278          69701.542          
    75161600            573.43             56536.392          53410.268          74402.079          73194.498          
    75571200            576.56             52837.756          55068.507          74708.934          72892.404          
    75980800            579.68             56488.676          54941.601          73187.478          73974.249          
    76390400            582.81             52728.490          53850.571          73587.926          74682.048          
    76800000            585.93             55326.430          56063.509          71397.583          70528.813          
    77209600            589.06             51857.678          56007.326          67819.434          74439.818          
    77619200            592.18             51132.543          53172.941          72600.678          73940.653          
    78028800            595.31             53519.990          53339.349          73513.826          74230.664          
    78438400            598.43             56675.145          52856.065          69842.012          74573.031          
    78848000            601.56             56732.833          55928.005          75063.546          75066.524          
    79257600            604.68             58061.517          52897.910          74534.007          70961.068          
    79667200            607.81             57091.199          52801.259          73201.103          73660.777          
    80076800            610.93             54624.975          52071.888          73098.901          72786.063          
    80486400            614.06             56345.762          55738.504          72725.937          70983.486          
    80896000            617.18             57623.364          54308.564          72647.484          70868.156          
    81305600            620.31             54950.139          52821.569          68147.461          70756.922          
    81715200            623.43             56540.529          54120.507          74311.879          73317.313          
    82124800            626.56             57337.208          55052.656          72107.822          74641.945          
    82534400            629.68             56974.303          55571.704          74776.353          73922.436          
    82944000            632.81             55499.498          57333.737          71888.195          74317.031          
    83353600            635.93             58319.818          55576.014          73261.789          74820.900          
    83763200            639.06             56740.525          56252.306          74066.642          74450.663          
    84172800            642.18             60139.537          58787.586          75070.502          74934.055          
    84582400            645.31             62659.431          57159.926          74965.013          74292.841          
    84992000            648.43             59022.222          55142.614          73911.443          72876.313          
    85401600            651.56             58811.466          54781.927          74305.336          73230.140          
    85811200            654.68             59728.507          59315.643          73191.726          74486.195          
    86220800            657.81             59619.379          58198.313          74890.493          74706.639          
    86630400            660.93             57765.635          59077.930          74786.144          74721.639          
    87040000            664.06             57647.156          61177.297          74356.090          75272.413          
    87449600            667.18             57956.822          56255.774          72758.455          73615.938          
    87859200            670.31             57629.123          57968.957          72623.413          72213.041          
    88268800            673.43             60749.346          57661.405          74485.820          74167.671          
    88678400            676.56             53819.914          56285.877          74158.737          75225.562          
    89088000            679.68             56737.173          55081.846          70397.471          71594.964          
    89497600            682.81             53547.289          54900.188          71763.135          68745.156          
    89907200            685.93             56585.446          55195.887          73366.183          74803.189          
    90316800            689.06             54617.462          57334.899          74680.558          73153.225          
    90726400            692.18             55668.906          53706.108          73512.275          71727.562          
    91136000            695.31             55015.129          54539.797          73991.543          74434.712          
    91545600            698.43             55927.056          55731.284          74855.862          72722.574          
    91955200            701.56             56889.769          54775.994          73881.852          71828.309          
    92364800            704.68             52910.272          53215.109          70426.839          74255.693          
    92774400            707.81             53778.364          55787.372          73149.105          75060.194          
    93184000            710.93             57233.935          54884.741          74524.843          74014.297          
    93593600            714.06             52558.529          54859.420          71872.985          75352.110          
    94003200            717.18             55600.577          51052.279          69306.857          73528.560          
    94412800            720.31             51241.682          56120.846          69399.914          73901.934          
    94822400            723.43             54031.782          55047.291          73796.537          73474.885          
    95232000            726.56             52336.058          55983.834          72040.850          74170.631          
    95641600            729.68             51430.584          54615.282          69272.042          75271.303          
    96051200            732.81             55094.974          54632.748          70027.303          72277.820          
    96460800            735.93             55337.856          56376.856          71952.112          72517.830          
    96870400            739.06             55196.809          55972.208          73763.868          74377.427          
    97280000            742.18             55763.829          57154.188          75040.015          74720.604          
    97689600            745.31             55820.635          57772.449          74845.982          72764.669          
    98099200            748.43             54581.048          55292.465          75013.726          75066.344          
    98508800            751.56             55945.082          56034.585          74722.225          74362.633          
    98918400            754.68             57558.803          60135.051          72774.251          75165.957          
    99328000            757.81             57931.980          57031.795          74884.463          74155.349          
    99737600            760.93             58514.286          56071.736          74158.944          73462.509          
    100147200            764.06             58075.285          55683.736          74883.410          69697.921          
    100556800            767.18             57729.056          55483.440          72200.180          74680.134          
    100966400            770.31             57742.517          58442.312          75081.911          75056.330          
    101376000            773.43             54666.712          57016.873          74991.493          75367.821          
    101785600            776.56             55125.397          55306.989          73275.373          74634.273          
    102195200            779.68             54666.283          56234.247          70570.703          72036.090          
