# Benchmark GPU-STREAM running on  Intel(R) Many Integrated Core Acceleration Card
# Precision: double. Range: [204800 .. 102400000] step 409600
# For more details see https://github.com/UoB-HPC/GPU-STREAM
#  ArrayElements    ArraySize(MB)      Copy(MBytes/s)    Mul(MBytes/s)      Add(MBytes/s)      Triad(MBytes/s)
    204800            1.56             9497.971          9929.697          13884.746          13248.518               ok
    614400            4.68             25270.951          26713.043          33976.037          33976.037               ok
    1024000            7.81             34276.151          39196.172          45511.111          45176.471               ok
    1433600            10.93             43196.987          41033.274          41856.934          43941.762               ok
    1843200            14.06             41536.901          39638.710          41970.398          42948.350               ok
    2252800            17.18             39436.324          39009.524          42978.696          45056.000               ok
    2662400            20.31             32198.337          36130.958          41304.202          43349.796               ok
    3072000            23.43             42299.484          40688.742          47627.907          48156.760               ok
    3481600            26.56             38846.304          38364.738          46732.886          46995.726               ok
    3891200            29.68             41840.860          41340.770          49674.894          51200.000               ok
    4300800            32.81             41679.467          40886.988          49505.612          50375.403               ok
    4710400            35.93             45648.940          42894.935          53400.850          51668.007               ok
    5120000            39.06             44305.030          45334.809          53989.455          54734.967               ok
    5529600            42.18             49288.914          48214.496          56884.012          58308.612               ok
    5939200            45.31             48090.688          48409.170          58275.061          56451.802               ok
    6348800            48.43             44670.536          47601.125          56392.006          56308.647               ok
    6758400            51.56             47678.307          47931.915          57416.496          58053.543               ok
    7168000            54.68             47986.611          47294.021          58395.112          59837.217               ok
    7577600            57.81             47194.083          48907.463          59862.541          58476.656               ok
    7987200            60.93             47156.900          46269.080          52432.385          60432.787               ok
    8396800            64.06             48871.881          51180.495          60590.259          62294.652               ok
    8806400            67.18             53190.789          54997.034          63814.493          64555.162               ok
    9216000            70.31             52889.527          51720.800          60814.957          62008.410               ok
    9625600            73.43             52887.912          52688.881          62639.479          63500.385               ok
    10035200            76.56             51249.026          49663.842          63213.858          64638.969               ok
    10444800            79.68             56306.199          56135.976          66351.297          67115.181               ok
    10854400            82.81             55968.547          54221.168          64529.502          64754.064               ok
    11264000            85.93             54349.819          54382.619          67398.654          68111.867               ok
    11673600            89.06             52509.868          52362.658          65322.080          66139.377               ok
    12083200            92.18             56878.847          56315.526          66179.096          67315.877               ok
    12492800            95.31             48037.683          47231.758          56893.207          57394.181               ok
    12902400            98.43             56854.420          56807.485          65730.758          66350.461               ok
    13312000            101.56             52435.254          53990.368          65819.530          67317.320               ok
    13721600            104.68             54101.922          52497.752          66314.619          63428.043               ok
    14131200            107.81             52398.424          50401.070          65409.605          64135.552               ok
    14540800            110.93             53471.110          52743.777          65894.864          65071.639               ok
    14950400            114.06             53322.871          48275.762          64860.738          64141.866               ok
    15360000            117.18             50808.352          50226.855          59410.153          58347.578               ok
    15769600            120.31             48169.836          47642.296          62371.523          67511.666               ok
    16179200            123.43             53035.689          48036.222          63499.722          63087.051               ok
    16588800            126.56             56173.714          56774.503          66789.331          68149.812               ok
    16998400            129.68             53286.520          49894.405          66595.103          67231.641               ok
    17408000            132.81             53022.654          48967.651          67115.181          64295.476               ok
    17817600            135.93             53972.283          53972.283          67162.306          68993.611               ok
    18227200            139.06             58094.661          57875.610          67980.233          69206.265               ok
    18636800            142.18             54985.949          55507.967          69637.739          69811.644               ok
    19046400            145.31             54330.968          56371.143          69343.689          69916.427               ok
    19456000            148.43             57076.641          53377.229          69382.467          68097.419               ok
    19865600            151.56             55851.274          51640.877          69379.278          69500.641               ok
    20275200            154.68             59852.989          58482.639          69012.168          70065.486               ok
    20684800            157.81             53483.646          54523.361          68313.637          69871.246               ok
    21094400            160.93             54472.305          53889.574          67845.832          67511.081               ok
    21504000            164.06             52138.809          51630.252          67130.073          68730.324               ok
    21913600            167.18             58572.937          59366.339          70793.700          70076.802               ok
    22323200            170.31             55349.636          52401.878          64798.839          70886.055               ok
    22732800            173.43             42821.380          44136.003          52460.308          54276.482               ok
    23142400            176.56             52247.552          53086.509          71207.385          71390.437               ok
    23552000            179.68             53262.473          53879.325          68192.544          71668.315               ok
    23961600            182.81             57127.939          59375.190          70294.389          70735.351               ok
    24371200            185.93             56512.928          51059.212          72041.976          71829.645               ok
    24780800            189.06             57205.713          52830.486          70466.730          72387.926               ok
    25190400            192.18             56189.377          53532.528          71690.928          72144.344               ok
    25600000            195.31             60672.493          60852.771          71400.349          71425.250               ok
    26009600            198.43             57321.433          60654.948          70327.895          71316.166               ok
    26419200            201.56             58104.082          56226.018          71645.288          70868.537               ok
    26828800            204.68             59159.427          59421.484          67072.000          72112.353               ok
    27238400            207.81             61038.431          58648.150          71335.836          72362.364               ok
    27648000            210.93             62481.356          59203.426          71395.739          72337.512               ok
    28057600            214.06             60096.600          58682.562          72034.917          72088.898               ok
    28467200            217.18             59438.236          58740.676          71153.176          70983.148               ok
    28876800            220.31             58640.538          58051.112          72101.873          71462.487               ok
    29286400            223.43             59201.819          54734.540          70000.359          70747.217               ok
    29696000            226.56             54257.851          54840.259          71348.884          66751.335               ok
    30105600            229.68             52425.947          53102.150          67488.735          62217.722               ok
    30515200            232.81             47638.131          51567.723          59804.410          63895.027               ok
    30924800            235.93             50325.142          49514.340          68766.349          61644.120               ok
    31334400            239.06             55361.131          47843.344          70533.258          71403.874               ok
    31744000            242.18             54443.563          49697.065          64596.914          70314.352               ok
    32153600            245.31             50289.110          50367.887          66864.778          70654.312               ok
    32563200            248.43             51621.044          53077.751          65349.678          71949.623               ok
    32972800            251.56             59071.190          54669.927          71673.508          72275.751               ok
    33382400            254.68             53518.878          53761.288          72184.665          73080.142               ok
    33792000            257.81             55030.229          60081.342          71891.499          72827.586               ok
    34201600            260.93             55623.663          57187.334          71965.492          72288.719               ok
    34611200            264.06             58194.536          56375.771          72509.497          72776.310               ok
    35020800            267.18             56759.806          59826.265          71972.872          72170.634               ok
    35430400            270.31             56412.220          55669.881          68376.455          71576.566               ok
    35840000            273.43             58633.947          61521.296          72367.491          72888.738               ok
    36249600            276.56             53108.104          52507.116          72150.473          72626.296               ok
    36659200            279.68             58631.267          51751.121          72193.386          72820.791               ok
    37068800            282.81             52889.317          52370.932          72358.780          72211.948               ok
    37478400            285.93             54184.007          51698.802          67150.549          68836.122               ok
    37888000            289.06             54702.039          52613.088          72564.999          72374.403               ok
    38297600            292.18             55114.373          54390.343          72768.775          73162.652               ok
    38707200            295.31             60438.684          56234.922          72809.217          73262.839               ok
    39116800            298.43             59868.835          53374.450          71872.853          73121.209               ok
    39526400            301.56             54959.798          55563.381          73157.523          73720.361               ok
    39936000            304.68             56843.341          55898.522          73445.517          73513.116               ok
    40345600            307.81             62333.874          60267.911          72558.591          72952.189               ok
    40755200            310.93             58530.042          53940.210          72690.606          73355.692               ok
    41164800            314.06             61120.713          57770.090          73295.882          72965.672               ok
    41574400            317.18             60318.317          58913.329          71474.613          73044.334               ok
    41984000            320.31             61039.891          61307.292          73073.899          73307.821               ok
    42393600            323.43             60481.284          60148.763          72236.166          72700.707               ok
    42803200            326.56             59443.729          60525.957          72180.776          72084.541               ok
    43212800            329.68             59119.692          59609.001          72176.714          72958.649               ok
    43622400            332.81             58543.734          58790.296          72227.499          73202.182               ok
    44032000            335.93             57380.029          54002.146          72435.945          72665.062               ok
    44441600            339.06             57843.130          51910.177          72914.848          69950.052               ok
    44851200            342.18             53649.761          51475.447          69622.198          67969.237               ok
    45260800            345.31             52457.284          51956.723          69060.919          66842.607               ok
    45670400            348.43             48096.255          51828.243          66879.590          66005.637               ok
    46080000            351.56             52434.393          56229.408          69107.042          72150.313               ok
    46489600            354.68             48297.747          51547.720          71568.339          71157.551               ok
    46899200            357.81             58142.507          54163.938          73711.906          73992.953               ok
    47308800            360.93             52181.222          51717.737          73351.715          72894.915               ok
    47718400            364.06             59559.591          55157.810          73229.848          71996.077               ok
    48128000            367.18             53044.568          51057.419          71868.591          73501.241               ok
    48537600            370.31             52977.802          53492.327          74235.432          73704.676               ok
    48947200            373.43             54287.758          56269.234          70907.998          73132.839               ok
    49356800            376.56             58238.112          60859.186          73822.959          73961.239               ok
    49766400            379.68             54673.332          54639.566          72589.863          73298.165               ok
    50176000            382.81             52723.189          52740.507          73116.211          73567.353               ok
    50585600            385.93             54305.529          57154.834          73396.675          73677.291               ok
    50995200            389.06             54888.880          53693.288          69880.370          70346.293               ok
    51404800            392.18             53021.970          53739.092          73571.185          73087.393               ok
    51814400            395.31             52255.304          51058.102          72320.186          66276.480               ok
    52224000            398.43             52878.370          54702.717          69814.293          68512.955               ok
    52633600            401.56             56778.425          53340.360          74205.863          73781.111               ok
    53043200            404.68             56598.279          57608.689          73462.796          73996.559               ok
    53452800            407.81             56612.484          54384.128          73889.368          73277.386               ok
    53862400            410.93             56753.270          58857.970          73586.702          74169.350               ok
    54272000            414.06             58799.567          57400.317          74226.579          74711.942               ok
    54681600            417.18             60622.616          56723.651          74544.641          74667.638               ok
    55091200            420.31             62983.866          61700.910          73972.743          74188.576               ok
    55500800            423.43             57026.252          61090.589          69706.379          72243.150               ok
    55910400            426.56             60046.073          60623.909          74053.510          74655.035               ok
    56320000            429.68             61442.793          59633.380          72542.264          73935.018               ok
    56729600            432.81             61147.507          59991.646          74371.027          74558.370               ok
    57139200            435.93             59261.503          57814.912          73855.062          74626.731               ok
    57548800            439.06             57642.469          58410.353          74344.450          74787.264               ok
    57958400            442.18             59368.399          56575.828          74174.884          75132.419               ok
    58368000            445.31             53034.698          59926.078          73565.382          71343.621               ok
    58777600            448.43             58376.263          59665.119          70238.120          70413.417               ok
    59187200            451.56             55503.177          57168.439          73323.326          74774.585               ok
    59596800            454.68             58701.601          55422.772          69846.821          65186.546               ok
    60006400            457.81             52694.973          53550.248          68425.600          68458.126               ok
    60416000            460.93             54678.206          51792.542          72203.167          67397.230               ok
    60825600            464.06             55230.100          52124.128          73225.040          73933.370               ok
    61235200            467.18             51328.751          52165.009          74044.982          73247.847               ok
    61644800            470.31             51777.878          53694.638          72509.077          73532.565               ok
    62054400            473.43             52955.912          53625.190          69118.931          73317.856               ok
    62464000            476.56             55428.096          57273.582          73393.518          74104.597               ok
    62873600            479.68             51411.949          53274.247          73475.503          74034.266               ok
    63283200            482.81             51696.681          52026.061          66363.576          68842.208               ok
    63692800            485.93             53332.887          53185.366          73255.724          72398.750               ok
    64102400            489.06             58291.469          56381.639          72857.435          73635.074               ok
    64512000            492.18             56841.897          57632.161          73142.857          72956.743               ok
    64921600            495.31             52017.908          54524.466          71332.619          73833.976               ok
    65331200            498.43             51940.333          52278.030          69234.283          74380.873               ok
    65740800            501.56             53781.205          54104.871          70746.086          71635.832               ok
    66150400            504.68             53328.281          56833.292          72371.318          70422.711               ok
    66560000            507.81             54526.650          54852.434          67062.972          69036.691               ok
    66969600            510.93             55663.044          54273.089          73697.574          72171.998               ok
    67379200            514.06             54357.243          57149.449          70860.208          74195.953               ok
    67788800            517.18             57628.224          57530.409          73760.312          74428.437               ok
    68198400            520.31             54772.332          57798.316          72005.701          74452.402               ok
    68608000            523.43             55614.956          60034.345          73692.803          74094.047               ok
    69017600            526.56             59800.801          58028.460          72124.985          74724.699               ok
    69427200            529.68             60545.877          61538.707          74652.903          74750.025               ok
    69836800            532.81             63466.364          57399.127          74469.418          74588.723               ok
    70246400            535.93             55925.879          59354.795          70941.031          73281.474               ok
    70656000            539.06             62310.313          60687.997          74854.066          74890.430               ok
    71065600            542.18             57962.461          61809.611          73405.397          74799.333               ok
    71475200            545.31             60313.443          58448.492          74469.494          74534.208               ok
    71884800            548.43             61926.280          59565.840          74392.445          74695.207               ok
    72294400            551.56             56989.230          58680.519          74243.286          74681.083               ok
    72704000            554.68             54112.853          56883.325          74431.429          74708.683               ok
    73113600            557.81             58581.682          58400.359          74223.865          74844.376               ok
    73523200            560.93             56020.344          57829.673          72789.242          72448.547               ok
    73932800            564.06             53272.902          56046.849          73143.460          72972.002               ok
    74342400            567.18             56384.073          56194.945          74967.126          72182.927               ok
    74752000            570.31             51226.315          54389.814          67552.075          66999.589               ok
    75161600            573.43             53701.241          52576.645          72619.903          71358.772               ok
    75571200            576.56             53207.446          55937.232          74326.236          73539.667               ok
    75980800            579.68             53786.957          51698.609          73851.417          74019.289               ok
    76390400            582.81             51105.804          55088.403          73953.031          73299.600               ok
    76800000            585.93             53400.548          52661.353          70617.984          74653.706               ok
    77209600            589.06             52788.377          55287.934          71240.260          72102.350               ok
    77619200            592.18             49515.857          51908.347          67747.783          70855.456               ok
    78028800            595.31             49930.443          54670.730          69811.415          70046.426               ok
    78438400            598.43             55457.994          54475.840          74311.041          70374.639               ok
    78848000            601.56             52825.057          56730.282          74873.467          73986.472               ok
    79257600            604.68             53836.621          54632.156          69838.176          75295.191               ok
    79667200            607.81             52766.287          56451.515          69118.057          71554.687               ok
    80076800            610.93             53756.348          55394.907          73215.863          75101.336               ok
    80486400            614.06             54855.273          54131.248          74220.918          72704.039               ok
    80896000            617.18             54726.481          55003.230          70839.712          70505.284               ok
    81305600            620.31             56459.772          53227.889          68723.477          68956.619               ok
    81715200            623.43             54801.039          53819.751          70675.152          69206.183               ok
    82124800            626.56             54093.977          51462.688          72041.931          73792.407               ok
    82534400            629.68             58766.873          59672.408          75147.980          74900.764               ok
    82944000            632.81             54753.032          56590.508          74749.578          74878.917               ok
    83353600            635.93             58043.156          56554.050          75433.122          74997.616               ok
    83763200            639.06             59001.153          59924.489          74741.302          75025.818               ok
    84172800            642.18             60931.312          59710.255          73666.163          74720.639               ok
    84582400            645.31             56465.907          59667.493          73868.404          74661.723               ok
    84992000            648.43             58948.025          56449.647          74874.573          74718.242               ok
    85401600            651.56             58346.881          57182.189          73253.695          73759.839               ok
    85811200            654.68             59379.777          55304.084          74621.138          72376.342               ok
    86220800            657.81             60320.630          54845.657          74424.514          75206.222               ok
    86630400            660.93             57643.117          59667.947          74926.289          75308.954               ok
    87040000            664.06             57289.070          55565.575          74491.317          73325.143               ok
    87449600            667.18             59507.234          55516.946          74335.567          74799.187               ok
    87859200            670.31             54866.992          57225.614          74378.159          74765.833               ok
    88268800            673.43             53701.692          56559.904          72641.745          73269.851               ok
    88678400            676.56             54389.328          56250.174          73376.370          71719.683               ok
    89088000            679.68             53974.327          54749.683          74126.751          74351.010               ok
    89497600            682.81             52527.846          53675.748          72942.656          71844.747               ok
    89907200            685.93             54970.201          54738.021          73896.329          74567.951               ok
    90316800            689.06             55127.944          56417.147          70913.181          72255.849               ok
    90726400            692.18             54197.372          53737.919          73006.994          72498.955               ok
    91136000            695.31             56756.033          53819.148          73672.539          75290.489               ok
    91545600            698.43             53933.633          55833.255          72724.981          74682.838               ok
    91955200            701.56             59762.102          54947.834          71604.581          74137.490               ok
    92364800            704.68             52453.922          56038.101          74565.414          74595.524               ok
    92774400            707.81             58704.042          58273.089          71922.786          74373.225               ok
    93184000            710.93             51431.371          54029.498          70788.339          70356.309               ok
    93593600            714.06             56766.399          57221.918          73339.637          75359.694               ok
    94003200            717.18             54013.187          54589.547          71598.756          74922.848               ok
    94412800            720.31             54250.487          54617.283          70747.696          71685.507               ok
    94822400            723.43             59097.787          55775.832          69758.686          69837.894               ok
    95232000            726.56             54068.770          57854.425          72500.174          72849.111               ok
    95641600            729.68             54564.650          53455.325          73476.261          72692.099               ok
    96051200            732.81             54454.652          59263.427          71555.401          73520.293               ok
    96460800            735.93             54365.170          59394.759          74107.980          74925.859               ok
    96870400            739.06             55198.775          59112.372          72652.800          74064.658               ok
    97280000            742.18             56636.344          56422.823          72991.934          73414.251               ok
    97689600            745.31             56709.731          54758.744          73704.822          74956.054               ok
    98099200            748.43             54945.992          57997.532          75174.201          73974.324               ok
    98508800            751.56             54902.494          56409.606          75125.872          74819.178               ok
    98918400            754.68             59031.532          57112.240          74451.708          75194.527               ok
    99328000            757.81             56781.164          55084.676          74931.540          72315.243               ok
    99737600            760.93             55953.773          56671.103          73078.993          73530.208               ok
    100147200            764.06             56982.760          56506.513          74641.558          74114.487               ok
    100556800            767.18             55380.311          57156.872          73889.021          71674.830               ok
    100966400            770.31             57410.086          58116.430          75170.418          74972.730               ok
    101376000            773.43             58967.390          57838.254          74998.428          75480.052               ok
    101785600            776.56             57168.870          55689.017          73742.096          74846.939               ok
    102195200            779.68             54496.840          56504.361          73504.100          75125.116               ok
