# Benchmark GPU-STREAM running on        Intel(R) Xeon(R) CPU E5-2697 v2 @ 2.70GHz
# Precision: double. Range: [204800 .. 102400000] step 409600
# For more details see https://github.com/UoB-HPC/GPU-STREAM
#  ArrayElements    ArraySize(MB)      Copy(MBytes/s)    Mul(MBytes/s)      Add(MBytes/s)      Triad(MBytes/s)
    204800            1.56             29789.091          24453.731          32550.993          30340.741          
    614400            4.68             47953.171          41478.481          56932.819          50326.280          
    1024000            7.81             68840.336          57286.713          70620.690          63177.378          
    1433600            10.93             70577.231          52130.909          67729.134          54613.333          
    1843200            14.06             52196.814          44548.640          52662.857          47617.653          
    2252800            17.18             53085.125          41622.171          44499.753          44390.148          
    2662400            20.31             44097.723          34717.522          37020.626          34614.085          
    3072000            23.43             37925.926          31407.029          31400.341          30643.392          
    3481600            26.56             33843.013          28406.731          28489.056          29820.985          
    3891200            29.68             33854.921          26801.205          26336.379          29165.771          
    4300800            32.81             31151.109          26744.190          26671.628          28888.665          
    4710400            35.93             30014.496          26287.548          26581.143          29954.849          
    5120000            39.06             29029.057          26494.179          26386.085          28411.561          
    5529600            42.18             28077.944          25899.766          26489.102          28601.379          
    5939200            45.31             29612.714          25106.262          26425.806          28977.597          
    6348800            48.43             27138.873          24655.534          26638.322          28180.359          
    6758400            51.56             26227.116          24869.917          26647.215          28174.674          
    7168000            54.68             26499.076          25217.238          27302.333          28767.893          
    7577600            57.81             25873.154          25086.199          27002.584          28908.345          
    7987200            60.93             26568.649          25018.637          27098.219          28215.013          
    8396800            64.06             26301.644          25027.720          27152.142          28512.054          
    8806400            67.18             25488.857          25111.816          27802.368          28515.057          
    9216000            70.31             26024.709          25340.437          27357.328          28448.103          
    9625600            73.43             25587.240          25259.898          27152.609          28665.393          
    10035200            76.56             25579.608          25013.740          27894.927          28826.427          
    10444800            79.68             25502.335          25062.507          27492.345          28619.157          
    10854400            82.81             25423.862          25002.937          27389.927          28858.491          
    11264000            85.93             25625.480          25146.365          27445.279          29140.455          
    11673600            89.06             25663.314          25131.539          27529.370          28603.002          
    12083200            92.18             25525.640          24821.055          27301.525          28540.183          
    12492800            95.31             25778.282          25004.353          27746.363          28935.263          
    12902400            98.43             25587.308          25206.154          27690.030          28658.732          
    13312000            101.56             25341.106          25350.155          27895.573          28793.079          
    13721600            104.68             25780.366          24951.199          27608.853          28915.480          
    14131200            107.81             25556.595          24856.992          27434.784          28307.220          
    14540800            110.93             25628.200          25192.507          27648.487          28760.442          
    14950400            114.06             25843.388          25493.595          27735.147          29228.543          
    15360000            117.18             25664.160          25146.833          27621.759          28603.352          
    15769600            120.31             25683.388          24998.871          27896.396          29329.696          
    16179200            123.43             25546.946          25052.473          27987.660          28938.799          
    16588800            126.56             25406.413          25203.760          27982.232          28564.443          
    16998400            129.68             25875.216          25461.000          28005.876          29061.234          
    17408000            132.81             25427.059          25194.754          27810.158          28892.946          
    17817600            135.93             25426.472          25208.383          27720.887          29064.256          
    18227200            139.06             25452.540          25319.951          28101.291          28676.028          
    18636800            142.18             25032.639          25263.814          27774.665          28786.408          
    19046400            145.31             25397.316          25258.384          28078.231          28845.434          
    19456000            148.43             25035.869          25443.073          27756.286          29029.779          
    19865600            151.56             25298.440          25365.063          28246.602          28755.995          
    20275200            154.68             25461.361          25441.393          28195.898          29227.269          
    20684800            157.81             25691.414          25462.133          27690.495          29024.509          
    21094400            160.93             25422.597          25607.769          28026.218          28894.789          
    21504000            164.06             25412.807          25244.992          27847.407          28963.241          
    21913600            167.18             25381.323          25405.232          28055.393          29218.133          
    22323200            170.31             25576.169          25448.607          27914.177          28797.936          
    22732800            173.43             25376.739          25470.924          28037.782          29080.923          
    23142400            176.56             25283.605          25285.332          28313.075          28905.418          
    23552000            179.68             25007.101          25442.711          27963.194          29060.100          
    23961600            182.81             25287.620          25383.051          27890.703          29101.685          
    24371200            185.93             25418.108          25307.580          28147.680          28932.964          
    24780800            189.06             25419.464          25646.365          27971.931          29152.453          
    25190400            192.18             25480.238          25414.364          28315.751          28994.753          
    25600000            195.31             25568.040          25536.160          28318.584          29159.943          
    26009600            198.43             25609.452          25641.010          28234.221          29258.514          
    26419200            201.56             25507.314          25559.753          28211.826          28811.778          
    26828800            204.68             25172.157          25424.118          28344.024          29022.411          
    27238400            207.81             25232.422          25360.163          28215.357          29303.044          
    27648000            210.93             25301.304          25809.102          28169.129          29044.559          
    28057600            214.06             25662.928          25541.739          28163.212          29111.686          
    28467200            217.18             25000.011          25574.127          28354.962          29298.546          
    28876800            220.31             25425.314          25423.915          28216.074          29012.190          
    29286400            223.43             25180.418          25378.163          28038.679          28912.941          
    29696000            226.56             25247.675          25450.533          28357.299          28785.654          
    30105600            229.68             25316.109          25429.712          28364.716          29212.194          
    30515200            232.81             25537.068          25529.056          28382.932          29232.619          
    30924800            235.93             25289.895          25568.251          28322.656          29249.072          
    31334400            239.06             25471.239          25480.301          28347.303          29655.176          
    31744000            242.18             25142.518          25572.932          28854.903          29179.823          
    32153600            245.31             25023.474          25202.449          28292.810          28799.642          
    32563200            248.43             25396.598          25449.941          28360.010          29144.762          
    32972800            251.56             25644.799          25455.479          28442.195          29142.933          
    33382400            254.68             24925.027          25508.305          28070.128          29050.277          
    33792000            257.81             24946.800          25181.501          28497.417          29137.314          
    34201600            260.93             25520.011          25478.424          28539.981          29329.274          
    34611200            264.06             25356.190          25407.378          28437.823          29140.139          
    35020800            267.18             25596.492          25471.988          28090.612          28790.135          
    35430400            270.31             25202.792          25427.756          28244.523          28955.276          
    35840000            273.43             25193.972          25566.900          28347.889          29136.237          
    36249600            276.56             24971.739          25541.377          28688.884          29342.993          
    36659200            279.68             25405.951          25529.802          28338.352          29371.417          
    37068800            282.81             25411.345          25733.287          28420.637          29228.307          
    37478400            285.93             25211.453          25531.332          28467.310          29465.116          
    37888000            289.06             25341.025          25714.019          28358.397          29262.792          
    38297600            292.18             25408.924          25517.911          28357.215          29256.212          
    38707200            295.31             25337.119          25488.320          28533.735          29050.372          
    39116800            298.43             25097.999          25357.297          28283.168          29065.115          
    39526400            301.56             25295.884          25268.595          28223.903          29105.440          
    39936000            304.68             25772.436          25720.565          28422.513          28959.241          
    40345600            307.81             25516.012          25516.012          28353.325          29316.492          
    40755200            310.93             25132.321          25756.733          28405.785          29445.626          
    41164800            314.06             25388.821          25492.000          28782.380          29433.212          
    41574400            317.18             25329.972          25448.196          28327.672          29114.575          
    41984000            320.31             25265.882          25569.792          28503.989          29174.127          
    42393600            323.43             25470.226          25582.621          28413.148          29147.346          
    42803200            326.56             25367.678          25543.665          28355.097          29079.907          
    43212800            329.68             25119.157          25765.038          28420.904          29006.746          
    43622400            332.81             25140.782          25621.614          28572.845          29279.235          
    44032000            335.93             25250.421          25303.929          28378.753          29215.891          
    44441600            339.06             25600.000          25648.016          28527.064          29161.155          
    44851200            342.18             25383.580          25419.546          28368.133          28966.626          
    45260800            345.31             25385.522          25640.789          28629.466          29250.053          
    45670400            348.43             25600.000          25736.146          28451.385          29170.715          
    46080000            351.56             25492.894          25623.132          28657.459          29021.440          
    46489600            354.68             25218.973          25634.407          28516.124          29330.978          
    46899200            357.81             25383.506          25734.326          28578.195          29511.820          
    47308800            360.93             25392.177          25471.642          28366.842          29046.078          
    47718400            364.06             25176.232          25693.041          28635.335          29098.064          
    48128000            367.18             25517.712          25578.741          28466.877          29291.271          
    48537600            370.31             25640.571          25688.066          28716.933          29210.923          
    48947200            373.43             25318.609          25587.454          28496.332          29094.829          
    49356800            376.56             25501.624          25495.861          28752.930          29069.749          
    49766400            379.68             25135.339          25502.431          28575.377          29162.136          
    50176000            382.81             25172.959          25676.965          28738.372          29194.017          
    50585600            385.93             25495.971          25624.315          28329.352          29119.601          
    50995200            389.06             25381.006          25656.349          28795.257          29188.762          
    51404800            392.18             25584.870          25752.295          28484.374          29318.327          
    51814400            395.31             25259.145          25544.783          28444.705          29387.820          
    52224000            398.43             25616.481          25762.595          28470.289          29143.535          
    52633600            401.56             25321.354          25357.189          28435.224          28975.947          
    53043200            404.68             25566.838          25477.041          28353.976          29174.003          
    53452800            407.81             25344.341          25515.224          28803.233          29225.150          
    53862400            410.93             25237.156          25428.533          28630.542          29175.264          
    54272000            414.06             25452.179          25793.144          28910.374          29151.068          
    54681600            417.18             25547.673          25669.853          28650.986          29315.963          
    55091200            420.31             25345.310          25612.646          28511.425          29234.502          
    55500800            423.43             25286.543          25436.476          28524.117          28858.444          
    55910400            426.56             25352.597          25803.808          28604.157          29292.910          
    56320000            429.68             25254.190          25797.143          28431.880          29180.717          
    56729600            432.81             25343.392          25668.050          28634.441          28994.216          
    57139200            435.93             25241.647          25664.679          28384.509          29474.720          
    57548800            439.06             25321.219          25690.712          28573.197          29436.726          
    57958400            442.18             25321.093          25883.674          28572.048          29030.003          
    58368000            445.31             25714.191          25639.359          28569.168          29318.990          
    58777600            448.43             25398.120          25643.279          28594.701          29173.644          
    59187200            451.56             25437.030          25582.020          28588.247          29030.529          
    59596800            454.68             25372.487          25534.874          28369.297          29466.897          
    60006400            457.81             25494.633          25643.076          28550.118          29304.770          
    60416000            460.93             25234.448          25332.320          28659.775          29482.006          
    60825600            464.06             25800.891          25776.290          28503.093          29244.249          
    61235200            467.18             25380.494          25625.443          28372.069          28947.110          
    61644800            470.31             25197.139          25670.626          28511.210          29272.193          
    62054400            473.43             25559.799          26113.737          28450.639          28978.200          
    62464000            476.56             25099.804          25524.812          28320.852          29176.287          
    62873600            479.68             25170.835          25590.232          28532.436          29189.794          
    63283200            482.81             25257.713          25713.119          28734.071          29163.885          
    63692800            485.93             25325.798          25715.632          28650.121          29047.548          
    64102400            489.06             25325.030          25624.944          28728.830          29378.941          
    64512000            492.18             25544.249          25916.240          28829.494          29137.115          
    64921600            495.31             25195.760          25719.164          28639.776          29273.083          
    65331200            498.43             25253.043          25869.901          28632.059          29210.269          
    65740800            501.56             25124.273          25539.706          28736.007          29099.043          
    66150400            504.68             25122.393          25698.832          28495.703          29231.286          
    66560000            507.81             25539.222          25542.897          28729.385          29133.884          
    66969600            510.93             24988.657          25548.118          28323.942          28734.610          
    67379200            514.06             25277.074          25243.928          28414.556          29155.338          
    67788800            517.18             25144.797          25630.247          28778.434          29455.249          
    68198400            520.31             25436.487          25936.498          28603.212          29332.645          
    68608000            523.43             25375.714          25582.698          28700.272          29042.472          
    69017600            526.56             25167.664          25759.444          28684.626          29203.498          
    69427200            529.68             25195.291          25760.887          28934.028          29279.249          
    69836800            532.81             25246.589          25603.520          28489.312          29360.156          
    70246400            535.93             25273.603          25524.422          28360.421          29022.441          
    70656000            539.06             25708.867          25635.993          28813.213          29338.131          
    71065600            542.18             25031.362          25712.306          28498.436          29275.724          
    71475200            545.31             25537.118          25582.247          28492.257          29013.189          
    71884800            548.43             25217.207          26038.731          28507.332          29323.280          
    72294400            551.56             25559.836          25695.539          28516.157          29408.888          
    72704000            554.68             25193.052          25853.184          28645.708          29224.802          
    73113600            557.81             25549.679          25640.962          28781.577          29120.706          
    73523200            560.93             25229.940          25620.071          28613.816          29102.251          
    73932800            564.06             25160.048          25744.299          28606.229          29214.271          
    74342400            567.18             25246.278          25624.265          28767.032          29463.928          
    74752000            570.31             25154.731          25532.780          28676.321          29380.761          
    75161600            573.43             25125.579          25579.308          28487.388          29540.300          
    75571200            576.56             25798.822          25605.963          28561.894          29153.212          
    75980800            579.68             25529.574          25852.603          28559.737          28915.233          
    76390400            582.81             25223.840          25647.272          28770.924          29163.598          
    76800000            585.93             25632.040          25823.264          28397.991          29222.354          
    77209600            589.06             25253.043          25652.628          28918.356          28983.489          
    77619200            592.18             25800.503          25655.529          28608.781          29126.314          
    78028800            595.31             25342.768          25595.276          28368.951          29242.523          
    78438400            598.43             25068.201          25583.822          28812.930          29328.705          
    78848000            601.56             25593.768          25564.724          28635.555          29328.333          
    79257600            604.68             25203.649          25514.498          29117.859          29133.914          
    79667200            607.81             25473.125          25694.434          28647.391          29317.706          
    80076800            610.93             25502.673          26056.064          28507.650          29015.962          
    80486400            614.06             25755.648          25661.215          28589.433          29329.997          
    80896000            617.18             25469.529          25542.408          28533.067          29472.099          
    81305600            620.31             25401.054          25495.142          28690.609          29346.905          
    81715200            623.43             25319.891          25884.839          28361.024          29276.797          
    82124800            626.56             25168.495          25657.485          28811.507          29431.456          
    82534400            629.68             25492.759          25792.000          28438.074          29252.822          
    82944000            632.81             24977.960          25599.012          28580.437          29350.318          
    83353600            635.93             25493.808          25510.876          28716.627          29367.093          
    83763200            639.06             25398.662          25578.990          28855.670          29335.271          
    84172800            642.18             25117.774          25603.894          28650.100          28819.722          
    84582400            645.31             25384.398          25847.404          28715.398          29525.229          
    84992000            648.43             25609.642          25646.349          28766.560          29168.032          
    85401600            651.56             25211.270          25476.854          28438.761          29039.521          
    85811200            654.68             25382.766          25510.102          28395.500          29392.011          
    86220800            657.81             25463.910          25362.322          28604.396          29565.641          
    86630400            660.93             25330.063          25723.047          28574.388          29410.270          
    87040000            664.06             25425.202          25822.625          28549.405          29421.557          
    87449600            667.18             25240.711          25598.127          28539.828          29162.423          
    87859200            670.31             25374.498          25696.399          28670.385          29399.097          
    88268800            673.43             25497.397          25564.319          28426.429          29386.608          
    88678400            676.56             25739.322          25658.331          28733.382          29265.189          
    89088000            679.68             25524.819          25767.060          28812.807          29312.897          
    89497600            682.81             25392.992          25711.698          28682.064          29400.912          
    89907200            685.93             25562.243          25882.817          28769.920          29309.601          
    90316800            689.06             25287.756          25786.381          29151.692          29139.935          
    90726400            692.18             25271.098          25866.401          29158.022          29148.264          
    91136000            695.31             25345.037          25634.654          28593.181          29147.198          
    91545600            698.43             25523.718          25689.349          28810.574          29046.727          
    91955200            701.56             25310.222          25582.195          28756.969          29331.802          
    92364800            704.68             25243.612          25458.437          28613.261          29561.466          
    92774400            707.81             25515.950          25731.355          28801.490          29384.947          
    93184000            710.93             25485.351          25675.386          28927.152          29020.243          
    93593600            714.06             25389.061          25722.686          28469.536          29217.185          
    94003200            717.18             25431.616          25517.911          28553.236          29588.281          
    94412800            720.31             25474.372          25819.656          28803.783          29157.377          
    94822400            723.43             25781.844          25708.449          28677.936          29154.444          
    95232000            726.56             25239.974          25838.765          28864.742          29302.530          
    95641600            729.68             25391.435          25651.065          28555.059          29319.552          
    96051200            732.81             25526.862          25696.739          28783.339          29118.189          
    96460800            735.93             25451.398          25403.641          28708.571          29123.539          
    96870400            739.06             25247.213          25405.714          28545.867          29264.508          
    97280000            742.18             25492.662          25661.622          28450.337          29611.141          
    97689600            745.31             25353.754          25613.005          28781.262          29284.551          
    98099200            748.43             25410.186          25525.894          28601.740          29207.781          
    98508800            751.56             25368.842          25755.618          28439.586          29079.373          
    98918400            754.68             25243.140          25982.014          28636.723          29292.520          
    99328000            757.81             25268.674          25622.287          28560.653          29471.269          
    99737600            760.93             25276.822          25471.694          28801.617          29145.996          
    100147200            764.06             25600.000          25504.651          28913.637          29481.433          
    100556800            767.18             25101.939          25466.686          28857.280          28907.746          
    100966400            770.31             25277.542          25595.133          28641.935          29178.581          
    101376000            773.43             25253.639          25562.882          28710.958          29057.972          
    101785600            776.56             25514.172          25728.204          28566.051          29276.779          
    102195200            779.68             25426.435          25748.755          28645.498          29129.619          
